3
161
305
1
10
1959
218
5
2
60
25
6
1.29
4
3
30
20
5
55
65
20
1.1
6
50
2009
3
74
60
5
2
7
90
77
4
500
30
2
2012
70
15
26
60
9
162
25
37
86
31
11
7
100
2
2
4
3
11
2
900
1791
2
40
2
5
2.9
370
300
232
5
19
1
100
10
9/11
150
30
5
3
9
800
2.8
6
3
1
50
90
4
81
2
44
17.4
1
14
5
2.0
2
25
74
370
28
8
400
61
2
911
3
500
100
17
79.5
25
47
44
21
16
50
100
2
69
21
3.3
21
3
2
2
92
2
18
9
1
29
2
3
24
3
121
2
3
94
4
13
2
6
1
25
22
28
500
30
364
4
1
91
2.4
140
23
1
45
300
100
2
13
3.2
3.7
92
8
50
23
50
2
30
1
77
8
10
4
250
86
109
1
11
4
4.2
4
4
2
12
50.9
200
3
3
1
18
86
100
3
2
2010
10
26
125
5
100
2
22
1972
200
1
10
12
4
2008
100
2
93
6
10
28
62
12
90
15
2
10.1
45
11
24
1
16
643
3
34
10
19
2
100
1,500
20
2
911
18
16
25
2
43
384
14
4
3
3.1
239
3
55
4
17
11
2
7
80
2
17
1
25
11
500
1667
185
15
3
4
8
173
100
5
127
700
1.5
3
1999
75
68
1,000
99
1.68
47
370
14
4
2009
15
1
6
2
2
2
1
69
5
12
100
20
16
17
100
15
513
2012
6
2
39
4.9
4.5
5
200
1
99
8
90
5
915
02
10
75
9/11
75
60
2016
60
1
88
2
12
7
2012
20
1.2
40
1,068
85
2
85
2010
3
70
6.4
7
80
911
169,000
17
33
1940
9
40
20
3
57
5
200
12
6
100
1960
12
400
3
185
3
16
2012
27
120
47
100
136
15
6
50
17
9
1.5
5
2011
81
1
1957
2005
36
10
750
2
15
5
105
1
3
2
2010
83
2
7
2014
1
24
3
11
6
2
1984
0
4
2
12
3
3
1
13
40
40
7
12
8
40
3
20
29
1.2
1845
1
80
168
9/11
40
4.2
7
32
10
7
2
31
33
13
4
130
9
13
31
90
97
13
2
96
2
38
18
58
2
1.1
72
45
2
80
1
15
4.4
1.2
2012
500
100
1
3
2
1
700
3.6
200
14
10
1
35
6
456
1
2015
10
6
1
5
1,200
15
66
2
7
28
10
3
11
27
100
10
2
2.4
400
45
40
35
10
400
22
28
23,344
2
100
50
1
2.1
10
50
4
150
33
38
23
25
2.77
200
215
1
100
5
9/11
38
2012
20
8
2
1.2
6
1950
5
05
30
4.4
12
1
3
10
260
18
105
40
2
10
2011
5
74
10
1996
27
18
5
10
240
70
4
24
681
101
14
20
10
24
6
45
5
8
68
85
8
1.5
1.7
22
8
70
35
22
5
5
17
60
1
3
700
2008
2009
30
5
1
30
4
11
6
20
2
71
41
8.5
2011
5
160
2
2
60
8
40
20
100
68
400
3
21
2012
1966
12
150
10
3
248
65
26
55
2
49
900
3
24
2
40
22
21
3.5
88
2016
1.2
250
2
25
30
2
250
2
3.4
1906
2
2
8
1.3
81
1
8
192
20
100
16
18
1
10,000
100
12
30
100
211
370
68
23
13.5
9/11
88
1
08
3
47
81
3
2
7
50
2
4
11
688
1
80
12
15
80
7.5
3
13
14
2
10
2011
2
11
2011
3
6
3
74
700
70.3
2
204.6
3
1
328
168
28
10
20
97
47
11
3
5
50
60
70
4
142
10
11
170
14
12
3
2
3
14
50
95
24
1,018
90
1970
16
87
48
16
1988
2
15
100
2
1982
4
20
800
45
2
3
15
20
65
2
17
2
1997
25.5
13
100
8
25
83
10
1.3
2
67
8
16
1
861
90
300
66
2
4
54
2
9/11
5
5
19,000
1,600
650
31
40
2
380
221
47
7.7
50
8
94
200
10
107
5
53
2
2
25
7
248
35
900
100
10.9
4
2
10
60
20
13
11
16
35
187
183
25
2
2,500
6.2
2
144
29
3
10
283
20
8.5
52
3
51
1
1.11
4
1
12
53
5
2
13
15
74
4
10
59
10
3
35
4
10
2008
2
87
88
56.2
10
3.4
50
44.7
136
23
10
1
10
911
24
1.5
2
9
16
9
1
83
22
500
15
81
7
2
2
45
2006
51
14
300
40
2
13
1940
617
1
8
61
28
1
24
1
2
2
10
2
8
28
4
4
400
82
4
73
64
12
17
1
5
113
2,000
71
8
998
2020
42
2
10
12
10.10
1
49
75
4
1.8
5
2010
2
5
52
1,500
2
4
40
2
2,000
5
25
20
56
5
129
50
5
3
21
1
16
2
48.1
4
36
70
97
2020
340
53
9
13
2
2.5
09
40
22
50
7
390
800
5.2
10
5
2016
2011
5
80
100
66
2
7
2012
4.6
20
129
90
60
877
90
4
299
45
90
1
14
86
8
9/11
20
9
2
1629
100
4
2
18
3
79
4
40
480
122
2
65
5
26
400
2
6
250
2013
300
120
1
2
1610
60
2
2
5
4
2
900
97
80
100
5
12
7
40
4
5
5
3
8
1
100
3
70
17
340
25
33
40
74
52
51
4
30
1949
2024
3
7
42
30
1
2
2
5
23
32
5
176
911
2
2
80
31
7
2
109
1991
12
800
265
2010
1
273
3
06
90
20
5
2
100
20
16
9
5
13
20
60
12
19
10
9/11
9
60
1
1975
36
2013
8
3
35
70,000
2.5
4
24
550
3
2
91
3
3
13
2008
30
7
2
45
2012
2021
50
99
12
7
16
5.2
2000
2002
9
70
2
34
3.6
3
17
132
34
9/11
2
11
70
787
100
2
3
12
75
7
44
8.3
11
2012
73
21
3
2
612
38
1
5
1955
25
2
6
120
161
5
1
43
2
39
11
2
3
4
50
82
7
1
40
1961
7
5
873
3
1.2
2
27
15
2
42
84
1.6
3
2010
16
27
10,000
80
9.4
30
100
2.5
75
23
30
67
70
40
85
2
10
1
3
2006
215
10
5
50.9
2
3
20/20
10
92
4
1
10
700
9
250
13
2
3
80,000
83
15
21
3
103
175
3
8
780
4
37
123
23
8
18
28
3
2012
1
30
121
2010
50
86
10
99
10
2
2035
45
73
3
2005
7
6
3.6
10
2009
3
10
53
108
7
3
2012
16
25
118
30
22
50
18
3
98
2021
11
83
9/11
24
100
20
6
3
5
38
20
12
165
17
1
911
2
600
100
14
3
2012
3
4
10
2
2
13
4
10
9/11
31
3
60
5
415
15
68
44
11
2
6
60
1
2.4
7
2
30
3
3
99
5.8
3
2
2
1
3
1
1.2
10
8
100
2
2012
3
49
6
8
7
15
1,000
90
2016
6
2
210
3
4
15
1
2013
100
4
2
3
44
150
3
7.6
150
10
10
17
10
10
13
57
6
3
11
1.7
8
3
9
1
500
8.7
3
284
30
8
3
9/11
12
106
4
300
117
17
21
5
2
1853
2
11
16
3
250
160
32
5
8
3
25
51
22.5
1936
6
2012
10
1
4
143
5
20
7
10
2
2
727
1,000
88
29
150
30
911
1
71
11
400
1
30
2
127
1600
63
1.2
43
10
9
3
61
58
43
2
20
129
11
8
4
2020
2010
4
4
3
2008
5
3
4
25
4
17
83
9
20
38
300
20
2012
10
90
36
15
24
2
17
19
9
21
1
2008
120
13
9
83
480
156
14
100
1
6.3
24
12
92
6
2
222
3
2012
5
8
0.65
6
90
6
300
100
90
86
165
15
27
14
10
1
2
2
6
21
48
2
85
3
54
50
28
3
25
100
2
75
5
18
1.8
12
2
28
7.0
11
3
48
315
20
1.2
10
4
20
3
2
814
2
30
5
99
10
17.7
57
23
1.2
115
5
3
600
61
1
4
5
1
3
1
7
20
230
6
200
7
47
3
2
1
14
230
9.6
4
183
2
7
0
3
100
20
73
864
15
1
9.7
26
3
2
1.2
1
8
62
11
4
37.50
3,750
49
81
9
50
3
4
19
1
35
96
10
1
1
8
9
3
5.8
76
10
11
1813
37
2
47
7
1,400
14
74.5
15
95
130
28
2
239
2
6
240
1.3
1.6
55
100
13.5
53
1957
6
1
14
24
1
1
15
180
2
149
10
2
5
162
90
24
48
4
9/11
3
266
1
7
2020
1.5
500
1
2
96
250
130
28
700
5
10.10
96
4
3
2
21
200
3
200
2
200
2
5
3
300
2
5.4
7
1
15
20
3
102
700
370
3
1999
100
28
5
59
25
78
2
400
222
18
3
50
28
2.13
2
10
8
13.2
64
29
8
9/11
14
3
8
8
2
90
30
16
173
2,500
2
3
15
2012
73
3
9
8
100
217
25
7.1
8
2014
850
35
47
80
10
13
2
35
7
30
100
600
200
7.1
911
56
90
1
80
40
26
27
2012
2014
110
6
10
1.2
3
200
3
2
20
5.6
55
2024
3
500
48
24
2
11
5
16
52
10
218
2
62
284
6
500
92
118
10
20
44
911
1930
4
6
12
21
6
2
6
6
3
2
1968
250
6
9/11
5
737
7
332
31
31
38
11
2020
1.2
20
1829
737
9/11
2015
90
3
133
132
50
64
238
7.7
800
3
2
193
213
6
2
6
5
1.7
1946
6
4
6
12
100
1.5
6
20
1
6
12
80
6
6
2008
21
703
181
2
42
10
11
1980
9
9
22
70
20
2.2
5.1
19
8
2001
7
2
10
1
7
7,500
237
3
2011
2029
87
100
100
11
2018
7
7
4
100
19
7
5
2
337
3
16
1
2016
39
29
1901
250
22
2
13
1
200
15
2022
2018
2
3
11
1
200
260,000
15
2
101
20
2
11
6
980
30
1
7
2
1
20
9
2020
19
4
3
10
2
2
2
5
2020
4
50
700
/
12
18
84
1
8
11
30
6
1994
2003
5
40
1
1981
10
50
81
2
10
3
89
9
5
221
13
5
87
15
1966
41
13
6
25
1
2
15
1
1
2419
157
35
15
20
750
2
1
1964
14
81
62
7
1
1980
1
300
170
78
11
92
11
0
1
20
6
57
1.3
100
88
1
4
125
1
13
1,000
2
3
11
12
24
8
9
9
234
3
7
9
3
2018
2010
100
9
1917
353
98
83
75
9
60
5
2020
93
1
2020
11
19
6
2
2.1
2
10
45
20
1944
40
2
4
5
737
40
3
140
20
30
4
2.4
20
54
4
23
2.4
13
2027
911
75
700
50
25
3
370
50
51
20
87
43
35
15
60
50
29
3
6
2020
19
750
19
4
4
4
2
3
33
2
24
2
126
7.7
46
15
15
35
4
2.2
4
4.9
173
30
60
9
4
4
19
2020
6
70
19
8
3
1950
2
28
2020
79
911
2003
4
1774
4
32
19
63
85
24
13
3
15
1.8
10
4
45
4
2018
38
4
10
36
24
15
4
76
13
700
50
19
69
400
4
8
3
50
18
40
1
9
4
6.7
28
60
2
5
10
22
46
11
1
53
83
5
9
9
80
150
500
2
2
19
20
20
500
2021
5
37
5
28
5
13
4
124
1
19
5
9/11
126
200
94
20
300
60
19
8
86
29
12
1991
1.3
3
2
15
5
3.1
94
2
8
96
2
2020
5
3,000
9.4
5
102
15
2
89
2
2015
15
11
39
100
548
14
2
4.8
100
163
1
8
50
3
1
82
100
7
1.5
911
20
100
75
5
6
10
2
30
2
60
2
2
8
370
96
10
47
2
3
9
2
66
15
87
2
89
5
35
2020
1
4
530
90
5
23
69
1977
1
19
67
2000
1
1920
79
78
5
5
8
1995
2
11
100
1
1
5
14
17
5
1
2
130
2.5
592
21.6
69
2018
7
74
500
5
4
2
860
5
45
21
22
16
20
10
330
8
2016
21.6
8
73
100
1
32
50
50
1.2
100
1
3
8
65
3
172
500
2013
5
5
69
4
3
2011
8
12
50
401
372
18
1
70
190
20
2
23
30
30
3
2016
3
1
33.8
46
41
18
8
5
2030
50
1
20
45
5
35
50
51
43
5
11
2
10
3
8
35
8
1.8
2
8
2
25
3
1
500
3
5
10
37
5
8.4
200
3
90
64
63
7.25
6
4.69
35
28
13
4
145
500
3
20
10
30
61
138
1
2020
297
112
25
15
47
240
1993
40
15
800
10
1
9
49
80
8
27
1997
18
50
2
32
400
240
100
400
5.6
151
20
21
2
0.07
16
3
2016
94
18
15
3
3
